{
 "cells": [
  {
   "cell_type": "markdown",
   "metadata": {
    "application/vnd.databricks.v1+cell": {
     "cellMetadata": {},
     "inputWidgets": {},
     "nuid": "f0bb38c7-18a8-4b0d-9982-72f05c45b229",
     "showTitle": false,
     "title": ""
    }
   },
   "source": [
    "## The Databricks Assistant\n",
    "\n",
    "The Databricks Assistant works as an AI-based companion pair-programmer to make you more efficient as you create notebooks, queries, and files. It can help you rapidly answer questions by **generating, optimizing, completing, explaining, and fixing code and queries.**"
   ]
  },
  {
   "cell_type": "markdown",
   "metadata": {
    "application/vnd.databricks.v1+cell": {
     "cellMetadata": {},
     "inputWidgets": {},
     "nuid": "7d8740cb-f6ef-4623-985c-ff25964757ec",
     "showTitle": false,
     "title": ""
    }
   },
   "source": [
    "### Generate Code"
   ]
  },
  {
   "cell_type": "markdown",
   "metadata": {
    "application/vnd.databricks.v1+cell": {
     "cellMetadata": {},
     "inputWidgets": {},
     "nuid": "b8fdfa9e-4191-495d-9a59-4780f387b97a",
     "showTitle": false,
     "title": ""
    }
   },
   "source": [
    "#### Analyze Data\n",
    "\n",
    "Prompt:\n",
    "\n",
    "_generate pandas code to convert the pyspark dataframe to a pandas dataframe and select the 10 most expensive trips from df based on the fare_amount column_"
   ]
  },
  {
   "cell_type": "code",
   "execution_count": 0,
   "metadata": {
    "application/vnd.databricks.v1+cell": {
     "cellMetadata": {
      "byteLimit": 2048000,
      "rowLimit": 10000
     },
     "inputWidgets": {},
     "nuid": "df195d50-84cc-4684-b0bb-f75b8e6dbbae",
     "showTitle": false,
     "title": ""
    }
   },
   "outputs": [
    {
     "output_type": "display_data",
     "data": {
      "application/vnd.databricks.v1+bamboolib_hint": "{\"pd.DataFrames\": [], \"version\": \"0.0.1\"}",
      "text/plain": []
     },
     "metadata": {},
     "output_type": "display_data"
    }
   ],
   "source": [
    "import pandas as pd\n",
    "\n",
    "# Read the sample NYC Taxi Trips dataset and load it into a DataFrame\n",
    "df = spark.read.table('samples.nyctaxi.trips')"
   ]
  },
  {
   "cell_type": "code",
   "execution_count": 0,
   "metadata": {
    "application/vnd.databricks.v1+cell": {
     "cellMetadata": {
      "byteLimit": 2048000,
      "rowLimit": 10000
     },
     "inputWidgets": {},
     "nuid": "1923a802-530f-499d-85a2-0c53f6ab8ea3",
     "showTitle": false,
     "title": ""
    }
   },
   "outputs": [],
   "source": [
    "import pandas as pd\n",
    "\n",
    "# Read the sample NYC Taxi Trips dataset and load it into a DataFrame\n",
    "df = spark.read.table('samples.nyctaxi.trips')\n",
    "\n",
    "# Convert PySpark DataFrame to Pandas DataFrame\n",
    "pdf = df.toPandas()\n",
    "\n",
    "# Select the 10 most expensive trips based on fare_amount\n",
    "most_expensive_trips = pdf.nlargest(10, 'fare_amount')"
   ]
  },
  {
   "cell_type": "code",
   "execution_count": 0,
   "metadata": {
    "application/vnd.databricks.v1+cell": {
     "cellMetadata": {
      "byteLimit": 2048000,
      "rowLimit": 10000
     },
     "inputWidgets": {},
     "nuid": "5708843d-e096-4e68-b995-559cb00690a1",
     "showTitle": false,
     "title": ""
    }
   },
   "outputs": [
    {
     "output_type": "display_data",
     "data": {
      "text/html": [
       "<style scoped>\n",
       "  .table-result-container {\n",
       "    max-height: 300px;\n",
       "    overflow: auto;\n",
       "  }\n",
       "  table, th, td {\n",
       "    border: 1px solid black;\n",
       "    border-collapse: collapse;\n",
       "  }\n",
       "  th, td {\n",
       "    padding: 5px;\n",
       "  }\n",
       "  th {\n",
       "    text-align: left;\n",
       "  }\n",
       "</style><div class='table-result-container'><table class='table-result'><thead style='background-color: white'><tr><th>tpep_pickup_datetime</th><th>tpep_dropoff_datetime</th><th>trip_distance</th><th>fare_amount</th><th>pickup_zip</th><th>dropoff_zip</th></tr></thead><tbody><tr><td>2016-02-12T20:55:19.000+0000</td><td>2016-02-12T21:52:38.000+0000</td><td>20.85</td><td>275.0</td><td>10013</td><td>7008</td></tr><tr><td>2016-02-29T12:16:16.000+0000</td><td>2016-02-29T12:16:53.000+0000</td><td>0.0</td><td>260.0</td><td>8876</td><td>8876</td></tr><tr><td>2016-01-30T22:28:42.000+0000</td><td>2016-01-30T22:30:14.000+0000</td><td>0.0</td><td>188.0</td><td>7974</td><td>7974</td></tr><tr><td>2016-02-17T22:23:14.000+0000</td><td>2016-02-17T23:06:15.000+0000</td><td>25.46</td><td>130.0</td><td>10103</td><td>7901</td></tr><tr><td>2016-01-28T17:36:17.000+0000</td><td>2016-01-28T18:27:48.000+0000</td><td>21.3</td><td>115.0</td><td>10017</td><td>11042</td></tr><tr><td>2016-01-16T18:09:15.000+0000</td><td>2016-01-16T18:09:23.000+0000</td><td>0.0</td><td>105.0</td><td>7310</td><td>7310</td></tr><tr><td>2016-01-04T18:58:23.000+0000</td><td>2016-01-04T18:58:45.000+0000</td><td>0.0</td><td>105.0</td><td>7114</td><td>7114</td></tr><tr><td>2016-02-22T21:17:27.000+0000</td><td>2016-02-22T22:00:58.000+0000</td><td>30.6</td><td>95.0</td><td>11371</td><td>7114</td></tr><tr><td>2016-01-04T09:19:53.000+0000</td><td>2016-01-04T09:19:57.000+0000</td><td>5.2</td><td>95.0</td><td>10009</td><td>10009</td></tr><tr><td>2016-02-24T22:19:55.000+0000</td><td>2016-02-24T22:36:02.000+0000</td><td>12.49</td><td>95.0</td><td>11369</td><td>10803</td></tr></tbody></table></div>"
      ]
     },
     "metadata": {
      "application/vnd.databricks.v1+output": {
       "addedWidgets": {},
       "aggData": [],
       "aggError": "",
       "aggOverflow": false,
       "aggSchema": [],
       "aggSeriesLimitReached": false,
       "aggType": "",
       "arguments": {},
       "columnCustomDisplayInfos": {},
       "data": [
        [
         "2016-02-12T20:55:19.000+0000",
         "2016-02-12T21:52:38.000+0000",
         20.85,
         275.0,
         10013,
         7008
        ],
        [
         "2016-02-29T12:16:16.000+0000",
         "2016-02-29T12:16:53.000+0000",
         0.0,
         260.0,
         8876,
         8876
        ],
        [
         "2016-01-30T22:28:42.000+0000",
         "2016-01-30T22:30:14.000+0000",
         0.0,
         188.0,
         7974,
         7974
        ],
        [
         "2016-02-17T22:23:14.000+0000",
         "2016-02-17T23:06:15.000+0000",
         25.46,
         130.0,
         10103,
         7901
        ],
        [
         "2016-01-28T17:36:17.000+0000",
         "2016-01-28T18:27:48.000+0000",
         21.3,
         115.0,
         10017,
         11042
        ],
        [
         "2016-01-16T18:09:15.000+0000",
         "2016-01-16T18:09:23.000+0000",
         0.0,
         105.0,
         7310,
         7310
        ],
        [
         "2016-01-04T18:58:23.000+0000",
         "2016-01-04T18:58:45.000+0000",
         0.0,
         105.0,
         7114,
         7114
        ],
        [
         "2016-02-22T21:17:27.000+0000",
         "2016-02-22T22:00:58.000+0000",
         30.6,
         95.0,
         11371,
         7114
        ],
        [
         "2016-01-04T09:19:53.000+0000",
         "2016-01-04T09:19:57.000+0000",
         5.2,
         95.0,
         10009,
         10009
        ],
        [
         "2016-02-24T22:19:55.000+0000",
         "2016-02-24T22:36:02.000+0000",
         12.49,
         95.0,
         11369,
         10803
        ]
       ],
       "datasetInfos": [],
       "dbfsResultPath": null,
       "isJsonSchema": true,
       "metadata": {},
       "overflow": false,
       "plotOptions": {
        "customPlotOptions": {},
        "displayType": "table",
        "pivotAggregation": null,
        "pivotColumns": null,
        "xColumns": null,
        "yColumns": null
       },
       "removedWidgets": [],
       "schema": [
        {
         "metadata": "{}",
         "name": "tpep_pickup_datetime",
         "type": "\"timestamp\""
        },
        {
         "metadata": "{}",
         "name": "tpep_dropoff_datetime",
         "type": "\"timestamp\""
        },
        {
         "metadata": "{}",
         "name": "trip_distance",
         "type": "\"double\""
        },
        {
         "metadata": "{}",
         "name": "fare_amount",
         "type": "\"double\""
        },
        {
         "metadata": "{}",
         "name": "pickup_zip",
         "type": "\"integer\""
        },
        {
         "metadata": "{}",
         "name": "dropoff_zip",
         "type": "\"integer\""
        }
       ],
       "type": "table"
      }
     },
     "output_type": "display_data"
    }
   ],
   "source": [
    "display(most_expensive_trips)"
   ]
  },
  {
   "cell_type": "markdown",
   "metadata": {
    "application/vnd.databricks.v1+cell": {
     "cellMetadata": {},
     "inputWidgets": {},
     "nuid": "871b1cc2-061b-42cc-914f-e2d94bb8cb22",
     "showTitle": false,
     "title": ""
    }
   },
   "source": [
    "#### Create a DataFrame reader\n",
    "\n",
    "Prompt:\n",
    "\n",
    "_Generate code to read the day.csv file in the bikeSharing dataset_\n"
   ]
  },
  {
   "cell_type": "code",
   "execution_count": 0,
   "metadata": {
    "application/vnd.databricks.v1+cell": {
     "cellMetadata": {},
     "inputWidgets": {},
     "nuid": "34a4418e-37be-46b2-8ba3-fe8512a743d4",
     "showTitle": false,
     "title": ""
    }
   },
   "outputs": [],
   "source": [
    "display(dbutils.fs.ls(\"dbfs:/databricks-datasets/bikeSharing/data-001/\"))"
   ]
  },
  {
   "cell_type": "markdown",
   "metadata": {
    "application/vnd.databricks.v1+cell": {
     "cellMetadata": {},
     "inputWidgets": {},
     "nuid": "1650b28c-e046-448a-9683-05bb68c76e40",
     "showTitle": false,
     "title": ""
    }
   },
   "source": [
    "### Transform & Optimize Code"
   ]
  },
  {
   "cell_type": "markdown",
   "metadata": {
    "application/vnd.databricks.v1+cell": {
     "cellMetadata": {},
     "inputWidgets": {},
     "nuid": "4e9ce1ea-0854-48fa-83a1-cd3010a0f9a7",
     "showTitle": false,
     "title": ""
    }
   },
   "source": [
    "#### Convert Pandas to PySpark\n",
    "\n",
    "Prompt:\n",
    "\n",
    "_convert this code to PySpark_"
   ]
  },
  {
   "cell_type": "code",
   "execution_count": 0,
   "metadata": {
    "application/vnd.databricks.v1+cell": {
     "cellMetadata": {},
     "inputWidgets": {},
     "nuid": "d0abd206-88ac-4b6f-bcda-a98d7a49f758",
     "showTitle": false,
     "title": ""
    }
   },
   "outputs": [],
   "source": [
    "import pandas as pd\n",
    "\n",
    "# Convert Spark DataFrame to Pandas DataFrame\n",
    "pdf = df.toPandas()\n",
    "\n",
    "# Select the 10 most expensive trips based on the fare_amount column\n",
    "most_expensive_trips = pdf.nlargest(10, 'fare_amount')\n",
    "\n",
    "# Show the result\n",
    "most_expensive_trips"
   ]
  },
  {
   "cell_type": "code",
   "execution_count": 0,
   "metadata": {
    "application/vnd.databricks.v1+cell": {
     "cellMetadata": {
      "byteLimit": 2048000,
      "rowLimit": 10000
     },
     "inputWidgets": {},
     "nuid": "77ce414e-4a57-4266-97f4-29f7521c1783",
     "showTitle": false,
     "title": ""
    }
   },
   "outputs": [
    {
     "output_type": "display_data",
     "data": {
      "text/html": [
       "<style scoped>\n",
       "  .table-result-container {\n",
       "    max-height: 300px;\n",
       "    overflow: auto;\n",
       "  }\n",
       "  table, th, td {\n",
       "    border: 1px solid black;\n",
       "    border-collapse: collapse;\n",
       "  }\n",
       "  th, td {\n",
       "    padding: 5px;\n",
       "  }\n",
       "  th {\n",
       "    text-align: left;\n",
       "  }\n",
       "</style><div class='table-result-container'><table class='table-result'><thead style='background-color: white'><tr><th>tpep_pickup_datetime</th><th>tpep_dropoff_datetime</th><th>trip_distance</th><th>fare_amount</th><th>pickup_zip</th><th>dropoff_zip</th></tr></thead><tbody><tr><td>2016-02-12T20:55:19.000+0000</td><td>2016-02-12T21:52:38.000+0000</td><td>20.85</td><td>275.0</td><td>10013</td><td>7008</td></tr><tr><td>2016-02-29T12:16:16.000+0000</td><td>2016-02-29T12:16:53.000+0000</td><td>0.0</td><td>260.0</td><td>8876</td><td>8876</td></tr><tr><td>2016-01-30T22:28:42.000+0000</td><td>2016-01-30T22:30:14.000+0000</td><td>0.0</td><td>188.0</td><td>7974</td><td>7974</td></tr><tr><td>2016-02-17T22:23:14.000+0000</td><td>2016-02-17T23:06:15.000+0000</td><td>25.46</td><td>130.0</td><td>10103</td><td>7901</td></tr><tr><td>2016-01-28T17:36:17.000+0000</td><td>2016-01-28T18:27:48.000+0000</td><td>21.3</td><td>115.0</td><td>10017</td><td>11042</td></tr><tr><td>2016-01-04T18:58:23.000+0000</td><td>2016-01-04T18:58:45.000+0000</td><td>0.0</td><td>105.0</td><td>7114</td><td>7114</td></tr><tr><td>2016-01-16T18:09:15.000+0000</td><td>2016-01-16T18:09:23.000+0000</td><td>0.0</td><td>105.0</td><td>7310</td><td>7310</td></tr><tr><td>2016-02-24T22:19:55.000+0000</td><td>2016-02-24T22:36:02.000+0000</td><td>12.49</td><td>95.0</td><td>11369</td><td>10803</td></tr><tr><td>2016-02-22T21:17:27.000+0000</td><td>2016-02-22T22:00:58.000+0000</td><td>30.6</td><td>95.0</td><td>11371</td><td>7114</td></tr><tr><td>2016-01-04T09:19:53.000+0000</td><td>2016-01-04T09:19:57.000+0000</td><td>5.2</td><td>95.0</td><td>10009</td><td>10009</td></tr></tbody></table></div>"
      ]
     },
     "metadata": {
      "application/vnd.databricks.v1+output": {
       "addedWidgets": {},
       "aggData": [],
       "aggError": "",
       "aggOverflow": false,
       "aggSchema": [],
       "aggSeriesLimitReached": false,
       "aggType": "",
       "arguments": {},
       "columnCustomDisplayInfos": {},
       "data": [
        [
         "2016-02-12T20:55:19.000+0000",
         "2016-02-12T21:52:38.000+0000",
         20.85,
         275.0,
         10013,
         7008
        ],
        [
         "2016-02-29T12:16:16.000+0000",
         "2016-02-29T12:16:53.000+0000",
         0.0,
         260.0,
         8876,
         8876
        ],
        [
         "2016-01-30T22:28:42.000+0000",
         "2016-01-30T22:30:14.000+0000",
         0.0,
         188.0,
         7974,
         7974
        ],
        [
         "2016-02-17T22:23:14.000+0000",
         "2016-02-17T23:06:15.000+0000",
         25.46,
         130.0,
         10103,
         7901
        ],
        [
         "2016-01-28T17:36:17.000+0000",
         "2016-01-28T18:27:48.000+0000",
         21.3,
         115.0,
         10017,
         11042
        ],
        [
         "2016-01-04T18:58:23.000+0000",
         "2016-01-04T18:58:45.000+0000",
         0.0,
         105.0,
         7114,
         7114
        ],
        [
         "2016-01-16T18:09:15.000+0000",
         "2016-01-16T18:09:23.000+0000",
         0.0,
         105.0,
         7310,
         7310
        ],
        [
         "2016-02-24T22:19:55.000+0000",
         "2016-02-24T22:36:02.000+0000",
         12.49,
         95.0,
         11369,
         10803
        ],
        [
         "2016-02-22T21:17:27.000+0000",
         "2016-02-22T22:00:58.000+0000",
         30.6,
         95.0,
         11371,
         7114
        ],
        [
         "2016-01-04T09:19:53.000+0000",
         "2016-01-04T09:19:57.000+0000",
         5.2,
         95.0,
         10009,
         10009
        ]
       ],
       "datasetInfos": [],
       "dbfsResultPath": null,
       "isJsonSchema": true,
       "metadata": {},
       "overflow": false,
       "plotOptions": {
        "customPlotOptions": {},
        "displayType": "table",
        "pivotAggregation": null,
        "pivotColumns": null,
        "xColumns": null,
        "yColumns": null
       },
       "removedWidgets": [],
       "schema": [
        {
         "metadata": "{}",
         "name": "tpep_pickup_datetime",
         "type": "\"timestamp\""
        },
        {
         "metadata": "{}",
         "name": "tpep_dropoff_datetime",
         "type": "\"timestamp\""
        },
        {
         "metadata": "{}",
         "name": "trip_distance",
         "type": "\"double\""
        },
        {
         "metadata": "{}",
         "name": "fare_amount",
         "type": "\"double\""
        },
        {
         "metadata": "{}",
         "name": "pickup_zip",
         "type": "\"integer\""
        },
        {
         "metadata": "{}",
         "name": "dropoff_zip",
         "type": "\"integer\""
        }
       ],
       "type": "table"
      }
     },
     "output_type": "display_data"
    }
   ],
   "source": [
    "# Create a Spark DataFrame from the sample NYC Taxi Trips dataset\n",
    "df = spark.read.table('samples.nyctaxi.trips')\n",
    "\n",
    "# Select the 10 most expensive trips based on fare_amount\n",
    "most_expensive_trips = df.orderBy('fare_amount', ascending=False).limit(10)\n",
    "\n",
    "# Show the result\n",
    "display(most_expensive_trips)"
   ]
  },
  {
   "cell_type": "markdown",
   "metadata": {
    "application/vnd.databricks.v1+cell": {
     "cellMetadata": {},
     "inputWidgets": {},
     "nuid": "b2aae3ff-cd46-4c44-aeac-cc5cfb747d15",
     "showTitle": false,
     "title": ""
    }
   },
   "source": [
    "#### Improve code efficiency\n",
    "\n",
    "Prompt:\n",
    "\n",
    "_Show me a code example of inefficient python code, explain why it is inefficient, and then show me an improved version of that code that is more efficient. Explain why it is more efficient, then give me a list of strings to test this out with and the code to benchmark trying each one out._ \n",
    "\n",
    "(An alternative prompt) _Write me a function to benchmark the execution of code in this cell, then give me another way to write this code that is more efficient and would perform better in the benchmark._"
   ]
  },
  {
   "cell_type": "markdown",
   "metadata": {
    "application/vnd.databricks.v1+cell": {
     "cellMetadata": {},
     "inputWidgets": {},
     "nuid": "cbfed25d-6441-4e68-92c8-acf002664527",
     "showTitle": false,
     "title": ""
    }
   },
   "source": [
    "### Complete Code"
   ]
  },
  {
   "cell_type": "markdown",
   "metadata": {
    "application/vnd.databricks.v1+cell": {
     "cellMetadata": {},
     "inputWidgets": {},
     "nuid": "cff73bc8-187b-4bc6-b1c9-c222b2b24770",
     "showTitle": false,
     "title": ""
    }
   },
   "source": [
    "#### Reverse a string\n",
    "\n",
    "By pressing **control + shift + space** (on MacOS) directly in a cell, LakeSense will use comments as context to generate code.  Press **tab** to autocomplete the suggestion."
   ]
  },
  {
   "cell_type": "code",
   "execution_count": 0,
   "metadata": {
    "application/vnd.databricks.v1+cell": {
     "cellMetadata": {},
     "inputWidgets": {},
     "nuid": "14db6d33-d620-4540-a79a-3a738a3adb36",
     "showTitle": false,
     "title": ""
    }
   },
   "outputs": [],
   "source": [
    "# Write code to reverse a string.  Just the code; no explanatory text.\n",
    "string[::-1]"
   ]
  },
  {
   "cell_type": "markdown",
   "metadata": {
    "application/vnd.databricks.v1+cell": {
     "cellMetadata": {},
     "inputWidgets": {},
     "nuid": "e60bebbf-d61b-4d6d-b728-0b6e16979b32",
     "showTitle": false,
     "title": ""
    }
   },
   "source": [
    "#### Perform EDA"
   ]
  },
  {
   "cell_type": "code",
   "execution_count": 0,
   "metadata": {
    "application/vnd.databricks.v1+cell": {
     "cellMetadata": {},
     "inputWidgets": {},
     "nuid": "ad834f3a-2a1c-4a77-8ade-651cc79d82e9",
     "showTitle": false,
     "title": ""
    }
   },
   "outputs": [],
   "source": [
    "# Load the wine dataset into a DataFrame from sklearn, bucket the data into 3 groups by quality, then visualize in a plotly barchart\n"
   ]
  },
  {
   "cell_type": "markdown",
   "metadata": {
    "application/vnd.databricks.v1+cell": {
     "cellMetadata": {},
     "inputWidgets": {},
     "nuid": "78fbb34b-ecb3-4714-b3a9-3ec4b5660f93",
     "showTitle": false,
     "title": ""
    }
   },
   "source": [
    "### Explain Code"
   ]
  },
  {
   "cell_type": "markdown",
   "metadata": {
    "application/vnd.databricks.v1+cell": {
     "cellMetadata": {},
     "inputWidgets": {},
     "nuid": "4e2968c5-7592-4eea-95ff-22d1e67c296e",
     "showTitle": false,
     "title": ""
    }
   },
   "source": [
    "#### Basic code explanation\n",
    "\n",
    "Prompt:\n",
    "\n",
    "_Explain what this code does_"
   ]
  },
  {
   "cell_type": "code",
   "execution_count": 0,
   "metadata": {
    "application/vnd.databricks.v1+cell": {
     "cellMetadata": {},
     "inputWidgets": {},
     "nuid": "3254a758-feef-4817-8f2f-c414476c216b",
     "showTitle": false,
     "title": ""
    }
   },
   "outputs": [],
   "source": [
    "import pyspark.sql.functions as F\n",
    "\n",
    "fare_by_route = df.groupBy(\n",
    "'pickup_zip', 'dropoff_zip'\n",
    ").agg(\n",
    "    F.sum('fare_amount').alias('total_fare'),\n",
    "    F.count('fare_amount').alias('num_trips')\n",
    ").sort(F.col('num_trips').desc())\n",
    "\n",
    "display(fare_by_route)\n"
   ]
  },
  {
   "cell_type": "markdown",
   "metadata": {
    "application/vnd.databricks.v1+cell": {
     "cellMetadata": {},
     "inputWidgets": {},
     "nuid": "e6122aa7-ad38-457d-97d1-609895b722d1",
     "showTitle": false,
     "title": ""
    }
   },
   "source": [
    "#### Fast documentation lookups\n",
    "\n",
    "Prompt:\n",
    "\n",
    "1. _When should I use repartition() vs. coalesce() in Apache Spark?_\n",
    "\n",
    "2. _What is the difference between the various pandas_udf functions (in PySpark and Pandas on Spark/Koalas) and when should I choose each?  Can you show me an example of each with the diamonds dataset?_ \n",
    "\n"
   ]
  },
  {
   "cell_type": "markdown",
   "metadata": {
    "application/vnd.databricks.v1+cell": {
     "cellMetadata": {},
     "inputWidgets": {},
     "nuid": "bab5890b-a67f-4f17-8851-662841a07b3b",
     "showTitle": false,
     "title": ""
    }
   },
   "source": [
    "### Fix Code"
   ]
  },
  {
   "cell_type": "markdown",
   "metadata": {
    "application/vnd.databricks.v1+cell": {
     "cellMetadata": {},
     "inputWidgets": {},
     "nuid": "183d4e97-be04-4d48-b612-3c8c05a64901",
     "showTitle": false,
     "title": ""
    }
   },
   "source": [
    "#### Code Debugging\n",
    "\n",
    "The following cell will error due to a missing import statement.  Run the cell to trigger the error, then use the prompt:\n",
    "\n",
    "_How do I fix this error?  What is 'F'?_"
   ]
  },
  {
   "cell_type": "code",
   "execution_count": 0,
   "metadata": {
    "application/vnd.databricks.v1+cell": {
     "cellMetadata": {
      "byteLimit": 2048000,
      "rowLimit": 10000
     },
     "inputWidgets": {},
     "nuid": "77abb76f-815b-4d6a-9e87-7a8e65134f84",
     "showTitle": false,
     "title": ""
    }
   },
   "outputs": [
    {
     "output_type": "display_data",
     "data": {
      "text/html": [
       "<style scoped>\n",
       "  .table-result-container {\n",
       "    max-height: 300px;\n",
       "    overflow: auto;\n",
       "  }\n",
       "  table, th, td {\n",
       "    border: 1px solid black;\n",
       "    border-collapse: collapse;\n",
       "  }\n",
       "  th, td {\n",
       "    padding: 5px;\n",
       "  }\n",
       "  th {\n",
       "    text-align: left;\n",
       "  }\n",
